 LSDC RESULTS FOR Satellite    7734 sensor # 932     KAENA_POINT           

 Lat   21.572070 Lon  201.733260 Alt  300.459650m
 Sensor Biases:  Rho  80.00000 m Az  0.008100 ø El  0.004500 ø
 Sensor Noises:  Rho  92.50000 m Az  0.022400 ø El  0.013900 ø

 r and v from initial data 

       rx         ry         rz          vx         vy         vz      Coplnr     angle btwn
R1  0.9024881  0.4191378  0.53944452449746.6101504630
R2  0.9103603  0.4155921  0.5284234   0.5352413 -0.2427706 -0.7400395  0.7087  0.7742 -0.0083ø2449746.6102893519
R2  0.9190881  0.4116042  0.5165166   0.5275595 -0.2553264 -0.7320519  0.7742  0.6984 -0.0122ø2449746.6104398148
R2  0.9267405  0.4076993  0.5057240   0.5140987 -0.2600156 -0.7365173  0.6984  0.7099  0.0104ø2449746.6105787037
R2  0.9343805  0.4038697  0.4946082   0.5030589 -0.2600137 -0.7482406  0.7099  0.7034 -0.0002ø2449746.6107175926
R2  0.9417045  0.3999650  0.4834668   0.4962421 -0.2642163 -0.7539793  0.7034  0.7130 -0.0001ø2449746.6108564815
R2  0.9491417  0.3960104  0.4721803   0.4930527 -0.2690835 -0.7586411  0.7130  0.7675 -0.0028ø2449746.6109953704
R2  0.9569639  0.3916191  0.4599606   0.4777585 -0.2740978 -0.7615396  0.7675  0.7071  0.0019ø2449746.6111458333
R2  0.9639636  0.3875211  0.4485913   0.4658779 -0.2773078 -0.7672209  0.7071  0.7078  0.0006ø2449746.6112847222
R2  0.9708219  0.3833703  0.4371389   0.4555598 -0.2809232 -0.7722959  0.7078  0.7074  0.0003ø2449746.6114236111

 Move r2, v2 vectors to EPOCH time 
Epoch =   2449746.61015046 Number of obs     9

       rx         ry         rz          vx         vy         vz         dt
R   0.9023302  0.4191711  0.5393896   0.5445417 -0.2384877 -0.7345609  -0.200 min
R   0.9024385  0.4193786  0.5390266   0.5470282 -0.2464448 -0.7207701  -0.417 min
R   0.9024977  0.4193249  0.5391254   0.5430351 -0.2469330 -0.7199890  -0.617 min
R   0.9026529  0.4191408  0.5394028   0.5415376 -0.2427749 -0.7265823  -0.817 min
R   0.9023536  0.4191397  0.5394818   0.5443543 -0.2428456 -0.7272904  -1.017 min
R   0.9018923  0.4192158  0.5394240   0.5508797 -0.2436154 -0.7270378  -1.217 min
R   0.9023565  0.4192637  0.5392274   0.5461712 -0.2442618 -0.7247751  -1.433 min
R   0.9025697  0.4191769  0.5393434   0.5441378 -0.2434849 -0.7257995  -1.633 min
R   0.9026259  0.4191339  0.5394084   0.5437444 -0.2431492 -0.7263301  -1.833 min

R Nominal    0.9024130   0.4192162   0.5393144
V Nominal    0.5450478  -0.2435553  -0.7259039

 a        1.13150643 ER
 e        0.00164991
 i      114.92467305 ø
 ê      190.32875978 ø
 w      247.17095881 ø
 v      261.13027427 ø
 M      261.31711485 ø
  9322449746.610150462960  0.9182700  2  0.3210063~ 60.490177 16.188480
  9322449746.610289351850  0.9181385  2  0.3111562~ 62.134555 17.271365
  9322449746.610439814810  0.9179953  2  0.3007789~ 64.047629 18.546748
  9322449746.610578703700  0.9178623  2  0.2915020~ 65.879204 19.721332
  9322449746.610717592590  0.9177287  2  0.2825443~ 67.922976 20.930315
  9322449746.610856481480  0.9175943  2  0.2739374~ 70.109646 22.127099
  9322449746.610995370370  0.9174592  2  0.2657219~ 72.506814 23.384282
  9322449746.611145833330  0.9173121  2  0.2573041~ 75.297476 24.743563
  9322449746.611284722220  0.9171755  2  0.2500244~ 78.090838 25.975047
  9322449746.611423611110  0.9170383  2  0.2432623~ 81.110496 27.184730
  9322449746.611562500000  0.9169004  2  0.2370606~ 84.361552 28.351114

 AtWA Matrix 
  3.57359E+0009  5.14005E+0009  2.34662E+0009  3.35299E+0008  6.11079E+0008  2.49539E+0008
  5.14005E+0009  4.21505E+0010  1.93570E+0010  5.40682E+0008  3.32897E+0009  1.25712E+0009
  2.34662E+0009  1.93570E+0010  1.09491E+0010  2.30347E+0008  1.29899E+0009  6.47624E+0008
  3.35299E+0008  5.40682E+0008  2.30347E+0008  3.83093E+0007  6.75557E+0007  2.64502E+0007
  6.11079E+0008  3.32897E+0009  1.29899E+0009  6.75557E+0007  3.58287E+0008  1.23663E+0008
  2.49539E+0008  1.25712E+0009  6.47624E+0008  2.64502E+0007  1.23663E+0008  5.92849E+0007

 AtWB Matrix 
 19404.130006443
 -150601.093456106
 -7915.491473937
 1968.851013115
 -17169.652389087
 -930.446238548

 A Matrix 
  2.84111E-0001  9.32190E-0001  2.69328E-0001  3.94479E-0002  1.40944E-0001  3.83001E-0002
  1.63288E+0000  7.36190E-0001 -4.39733E+0000  2.47026E-0001  1.14629E-0001 -6.70031E-0001
  3.80059E+0000 -1.30635E+0000  1.16918E+0000  5.77882E-0001 -2.04812E-0001  1.79599E-0001

 B Matrix 
  -0.000006489
  -0.000131818
   0.000090888
   0.000090888
   0.000090888
   0.000090888
Perturb Delta % 0.0100 Epsilon for convergence 0.0100

 AtWAI - COVARIANCE Matrix 
  1.60351E-0009  6.49908E-0011 -1.48285E-0010 -1.36895E-0008 -2.92259E-0010  2.09565E-0010
  6.49908E-0011  8.62605E-0010 -1.33220E-0009  3.72144E-0010 -6.86925E-0009  1.01505E-0008
 -1.48285E-0010 -1.33220E-0009  2.32635E-0009  3.95223E-0010  1.06714E-0008 -1.89757E-0008
 -1.36895E-0008  3.72144E-0010  3.95223E-0010  1.59069E-0007 -9.69223E-0009 -5.33927E-0009
 -2.92259E-0010 -6.86925E-0009  1.06714E-0008 -9.69223E-0009  6.53281E-0008 -1.01627E-0007
  2.09565E-0010  1.01505E-0008 -1.89757E-0008 -5.33927E-0009 -1.01627E-0007  2.22402E-0007

Corrections     3.71167E-0007 -8.87240E-0006  1.45485E-0005  1.59756E-0004 -1.01810E-0004  1.53043E-0004
Loop  0 Nominal  0.90241341  0.41920730  0.53932893  0.54520753 -0.24365706 -0.72575086
Loop  0 Nominal5755.715711512673.761266343439.91340747  4.31006514 -1.92619831 -5.73732632
SigmaOld   100.000000 SigmaNew     1.417604
 ---------------------------------------------------- 


 AtWA Matrix 
  3.57460E+0009  5.14194E+0009  2.34824E+0009  3.35418E+0008  6.11280E+0008  2.49716E+0008
  5.14194E+0009  4.21458E+0010  1.93606E+0010  5.40890E+0008  3.32854E+0009  1.25749E+0009
  2.34824E+0009  1.93606E+0010  1.09532E+0010  2.30518E+0008  1.29935E+0009  6.47970E+0008
  3.35418E+0008  5.40890E+0008  2.30518E+0008  3.83242E+0007  6.75805E+0007  2.64705E+0007
  6.11280E+0008  3.32854E+0009  1.29935E+0009  6.75805E+0007  3.58239E+0008  1.23705E+0008
  2.49716E+0008  1.25749E+0009  6.47970E+0008  2.64705E+0007  1.23705E+0008  5.93219E+0007

 AtWB Matrix 
 556.486770106
 5084.956215654
 2099.843087272
  61.042236363
 439.886734600
 149.983827468

 A Matrix 
  2.84223E-0001  9.32117E-0001  2.69493E-0001  3.94648E-0002  1.40933E-0001  3.83253E-0002
  1.63294E+0000  7.36937E-0001 -4.39778E+0000  2.47035E-0001  1.14746E-0001 -6.70102E-0001
  3.80059E+0000 -1.30701E+0000  1.16874E+0000  5.77884E-0001 -2.04913E-0001  1.79535E-0001

 B Matrix 
   0.000000079
   0.000013108
  -0.000080335
  -0.000080335
  -0.000080335
  -0.000080335
Perturb Delta % 0.0100 Epsilon for convergence 0.0100

 AtWAI - COVARIANCE Matrix 
  1.60339E-0009  6.49720E-0011 -1.48284E-0010 -1.36880E-0008 -2.92023E-0010  2.09767E-0010
  6.49720E-0011  8.62875E-0010 -1.33245E-0009  3.72269E-0010 -6.87170E-0009  1.01534E-0008
 -1.48284E-0010 -1.33245E-0009  2.32641E-0009  3.95479E-0010  1.06738E-0008 -1.89771E-0008
 -1.36880E-0008  3.72269E-0010  3.95479E-0010  1.59046E-0007 -9.69582E-0009 -5.34148E-0009
 -2.92023E-0010 -6.87170E-0009  1.06738E-0008 -9.69582E-0009  6.53571E-0008 -1.01661E-0007
  2.09767E-0010  1.01534E-0008 -1.89771E-0008 -5.34148E-0009 -1.01661E-0007  2.22411E-0007

Corrections    -2.12730E-0008  1.48708E-0007 -9.96991E-0008 -2.51446E-0007  2.19001E-0007  2.10102E-0007
Loop  1 Nominal  0.90241339  0.41920744  0.53932883  0.54520728 -0.24365685 -0.72575065
Loop  1 Nominal5755.715575832673.762214833439.91277158  4.31006315 -1.92619658 -5.73732466
SigmaOld     1.417604 SigmaNew     1.271269
 ---------------------------------------------------- 


 AtWA Matrix 
  3.57459E+0009  5.14194E+0009  2.34823E+0009  3.35418E+0008  6.11280E+0008  2.49716E+0008
  5.14194E+0009  4.21458E+0010  1.93606E+0010  5.40889E+0008  3.32854E+0009  1.25749E+0009
  2.34823E+0009  1.93606E+0010  1.09532E+0010  2.30517E+0008  1.29935E+0009  6.47969E+0008
  3.35418E+0008  5.40889E+0008  2.30517E+0008  3.83242E+0007  6.75804E+0007  2.64704E+0007
  6.11280E+0008  3.32854E+0009  1.29935E+0009  6.75804E+0007  3.58239E+0008  1.23705E+0008
  2.49716E+0008  1.25749E+0009  6.47969E+0008  2.64704E+0007  1.23705E+0008  5.93218E+0007

 AtWB Matrix 
  -5.131842272
 -46.961692363
 -18.521396092
  -0.558881582
  -4.219452875
  -1.370368675

 A Matrix 
  2.84222E-0001  9.32117E-0001  2.69493E-0001  3.94648E-0002  1.40933E-0001  3.83252E-0002
  1.63294E+0000  7.36935E-0001 -4.39778E+0000  2.47034E-0001  1.14745E-0001 -6.70102E-0001
  3.80059E+0000 -1.30700E+0000  1.16874E+0000  5.77884E-0001 -2.04913E-0001  1.79536E-0001

 B Matrix 
  -0.000000057
   0.000012768
  -0.000079784
  -0.000079784
  -0.000079784
  -0.000079784
Perturb Delta % 0.0100 Epsilon for convergence 0.0100

 AtWAI - COVARIANCE Matrix 
  1.60339E-0009  6.49723E-0011 -1.48285E-0010 -1.36880E-0008 -2.92025E-0010  2.09769E-0010
  6.49723E-0011  8.62874E-0010 -1.33245E-0009  3.72267E-0010 -6.87169E-0009  1.01534E-0008
 -1.48285E-0010 -1.33245E-0009  2.32641E-0009  3.95480E-0010  1.06738E-0008 -1.89772E-0008
 -1.36880E-0008  3.72267E-0010  3.95480E-0010  1.59047E-0007 -9.69580E-0009 -5.34150E-0009
 -2.92025E-0010 -6.87169E-0009  1.06738E-0008 -9.69580E-0009  6.53570E-0008 -1.01661E-0007
  2.09769E-0010  1.01534E-0008 -1.89772E-0008 -5.34150E-0009 -1.01661E-0007  2.22411E-0007

Corrections     6.16099E-0011 -1.30385E-0009  9.93445E-0010  4.78036E-0009 -4.52899E-0009  7.38611E-0010
Loop  2 Nominal  0.90241339  0.41920744  0.53932883  0.54520728 -0.24365685 -0.72575065
Loop  2 Nominal5755.715576232673.762206513439.91277792  4.31006319 -1.92619661 -5.73732465
SigmaOld     1.271269 SigmaNew     1.271238
 ---------------------------------------------------- 


 a        1.13151548 ER 7216.96077167
 e        0.00148599
 i      114.93369959 ø
 ê      190.32169787 ø
 w      247.95797132 ø
 v      260.33984534 ø
 M      260.50774454 ø
