 LSDC RESULTS FOR Satellite    7734 sensor # 932     KAENA_POINT           

 Lat   21.572070 Lon  201.733260 Alt  300.459650m
 Sensor Biases:  Rho  80.00000 m Az  0.008100 ø El  0.004500 ø
 Sensor Noises:  Rho  92.50000 m Az  0.022400 ø El  0.013900 ø

 r and v from initial data 

       rx         ry         rz          vx         vy         vz      Coplnr     angle btwn
R1  0.9708219  0.3833703  0.43713892449746.6101504630

 Move r2, v2 vectors to EPOCH time 
  9322449746.610150462960  0.9182700  1  0.0000000~ 60.490177 16.188480
  9322449746.610289351850  0.9181385  1  0.0000000~ 62.134555 17.271365
  9322449746.610439814810  0.9179953  1  0.0000000~ 64.047629 18.546748
  9322449746.610578703700  0.9178623  1  0.0000000~ 65.879204 19.721332
  9322449746.610717592590  0.9177287  1  0.0000000~ 67.922976 20.930315
  9322449746.610856481480  0.9175943  1  0.0000000~ 70.109646 22.127099
  9322449746.610995370370  0.9174592  1  0.0000000~ 72.506814 23.384282
  9322449746.611145833330  0.9173121  1  0.0000000~ 75.297476 24.743563
  9322449746.611284722220  0.9171755  1  0.0000000~ 78.090838 25.975047
  9322449746.611423611110  0.9170383  1  0.0000000~ 81.110496 27.184730
  9322449746.611562500000  0.9169004  1  0.0000000~ 84.361552 28.351114

 AtWA Matrix 
  2.34492E+0009 -3.86351E+0008  2.52868E+0008  1.96186E+0008 -4.24580E+0007  2.06551E+0007
 -3.86351E+0008  2.73377E+0008 -4.63492E+0008 -4.14481E+0007  2.31954E+0007 -3.82388E+0007
  2.52868E+0008 -4.63492E+0008  1.02228E+0009  2.03277E+0007 -3.87144E+0007  9.45139E+0007
  1.96186E+0008 -4.14481E+0007  2.03277E+0007  2.16814E+0007 -5.17934E+0006  2.29508E+0006
 -4.24580E+0007  2.31954E+0007 -3.87144E+0007 -5.17934E+0006  2.65024E+0006 -4.25713E+0006
  2.06551E+0007 -3.82388E+0007  9.45139E+0007  2.29508E+0006 -4.25713E+0006  1.09727E+0007

 AtWB Matrix 
 46917.591700505
 -24149.939176737
 40791.633705586
 5051.042240854
 -2618.675765841
 4196.555055222

 A Matrix 
  1.63288E+0000  7.36195E-0001 -4.39733E+0000  2.47026E-0001  1.14630E-0001 -6.70030E-0001
  3.80059E+0000 -1.30635E+0000  1.16917E+0000  5.77882E-0001 -2.04812E-0001  1.79598E-0001
  1.79598E-0001  1.79598E-0001  1.79598E-0001  1.79598E-0001  1.79598E-0001  1.79598E-0001

 B Matrix 
  -0.000130588
   0.000091251
   0.000091251
   0.000091251
   0.000091251
   0.000091251
Perturb Delta % 0.0100 Epsilon for convergence 0.0100

 AtWAI - COVARIANCE Matrix 
  1.60366E-0007 -2.94609E-0006 -1.91944E-0006 -5.61088E-0006  2.16468E-0006  7.97793E-0006
 -2.94609E-0006  5.51868E-0005  3.59121E-0005  1.04061E-0004 -4.31207E-0005 -1.49960E-0004
 -1.91944E-0006  3.59121E-0005  2.33766E-0005  6.77745E-0005 -2.78754E-0005 -9.75833E-0005
 -5.61088E-0006  1.04061E-0004  6.77745E-0005  1.97631E-0004 -7.70488E-0005 -2.81805E-0004
  2.16468E-0006 -4.31207E-0005 -2.78754E-0005 -7.70488E-0005  4.86354E-0005  1.20745E-0004
  7.97793E-0006 -1.49960E-0004 -9.75833E-0005 -2.81805E-0004  1.20745E-0004  4.08806E-0004

Corrections    -1.54884E-0004  3.15351E-0003  2.05526E-0003  5.71380E-0003 -3.98373E-0003 -8.78011E-0003
Loop  0 Nominal  0.90225798  0.42236979  0.54136990  0.55076187 -0.24753896 -0.73468406
Loop  0 Nominal5754.724343552693.932078973452.93098392  4.35397423 -1.95688610 -5.80794650
SigmaOld   100.000000 SigmaNew     1.243401
 ---------------------------------------------------- 


 AtWA Matrix 
  2.29134E+0009 -3.77741E+0008  2.47005E+0008  1.91705E+0008 -4.15087E+0007  2.01695E+0007
 -3.77741E+0008  2.67323E+0008 -4.53059E+0008 -4.05220E+0007  2.26862E+0007 -3.73803E+0007
  2.47005E+0008 -4.53059E+0008  9.99017E+0008  1.98487E+0007 -3.78452E+0007  9.23628E+0007
  1.91705E+0008 -4.05220E+0007  1.98487E+0007  2.11852E+0007 -5.06330E+0006  2.24028E+0006
 -4.15087E+0007  2.26862E+0007 -3.78452E+0007 -5.06330E+0006  2.59218E+0006 -4.16150E+0006
  2.01695E+0007 -3.73803E+0007  9.23628E+0007  2.24028E+0006 -4.16150E+0006  1.07226E+0007

 AtWB Matrix 
 -6772.645112871
 -1694.206124566
 4731.188800828
 -306.056838296
 -149.605905862
 473.195643470

 A Matrix 
  1.61413E+0000  7.28385E-0001 -4.34766E+0000  2.44209E-0001  1.13407E-0001 -6.62431E-0001
  3.75698E+0000 -1.29239E+0000  1.15539E+0000  5.71210E-0001 -2.02599E-0001  1.77466E-0001
  1.77466E-0001  1.77466E-0001  1.77466E-0001  1.77466E-0001  1.77466E-0001  1.77466E-0001

 B Matrix 
  -0.000021706
  -0.000137585
  -0.000137585
  -0.000137585
  -0.000137585
  -0.000137585
Perturb Delta % 0.0100 Epsilon for convergence 0.0100

 AtWAI - COVARIANCE Matrix 
  1.68210E-0007 -3.09485E-0006 -2.01621E-0006 -5.89057E-0006  2.29612E-0006  8.38379E-0006
 -3.09485E-0006  5.80332E-0005  3.77628E-0005  1.09388E-0004 -4.56887E-0005 -1.57737E-0004
 -2.01621E-0006  3.77628E-0005  2.45801E-0005  7.12394E-0005 -2.95413E-0005 -1.02640E-0004
 -5.89057E-0006  1.09388E-0004  7.12394E-0005  2.07633E-0004 -8.17626E-0005 -2.96338E-0004
  2.29612E-0006 -4.56887E-0005 -2.95413E-0005 -8.17626E-0005  5.12419E-0005  1.27839E-0004
  8.38379E-0006 -1.57737E-0004 -1.02640E-0004 -2.96338E-0004  1.27839E-0004  4.30087E-0004

Corrections    -8.49565E-0006  1.86873E-0005  1.75360E-0005  7.43424E-0005 -5.94692E-0005 -6.44079E-0005
Loop  1 Nominal  0.90224948  0.42238848  0.54138743  0.55083621 -0.24759843 -0.73474847
Loop  1 Nominal5754.670157172694.051269363453.04283113  4.35456193 -1.95735622 -5.80845567
SigmaOld     1.243401 SigmaNew     1.125698
 ---------------------------------------------------- 


 AtWA Matrix 
  2.29106E+0009 -3.77674E+0008  2.46974E+0008  1.91684E+0008 -4.15029E+0007  2.01666E+0007
 -3.77674E+0008  2.67298E+0008 -4.53011E+0008 -4.05163E+0007  2.26845E+0007 -3.73771E+0007
  2.46974E+0008 -4.53011E+0008  9.98874E+0008  1.98457E+0007 -3.78419E+0007  9.23506E+0007
  1.91684E+0008 -4.05163E+0007  1.98457E+0007  2.11830E+0007 -5.06266E+0006  2.23992E+0006
 -4.15029E+0007  2.26845E+0007 -3.78419E+0007 -5.06266E+0006  2.59200E+0006 -4.16118E+0006
  2.01666E+0007 -3.73771E+0007  9.23506E+0007  2.23992E+0006 -4.16118E+0006  1.07212E+0007

 AtWB Matrix 
 -25.664138444
 -12.517923493
  25.314689280
   1.463956301
  -1.807428818
   3.492457166

 A Matrix 
  1.61404E+0000  7.28451E-0001 -4.34746E+0000  2.44195E-0001  1.13417E-0001 -6.62400E-0001
  3.75680E+0000 -1.29234E+0000  1.15528E+0000  5.71183E-0001 -2.02592E-0001  1.77450E-0001
  1.77450E-0001  1.77450E-0001  1.77450E-0001  1.77450E-0001  1.77450E-0001  1.77450E-0001

 B Matrix 
   0.000000392
  -0.000144676
  -0.000144676
  -0.000144676
  -0.000144676
  -0.000144676
Perturb Delta % 0.0100 Epsilon for convergence 0.0100

 AtWAI - COVARIANCE Matrix 
  1.68440E-0007 -3.09755E-0006 -2.01803E-0006 -5.89611E-0006  2.29870E-0006  8.39126E-0006
 -3.09755E-0006  5.80538E-0005  3.77774E-0005  1.09436E-0004 -4.57139E-0005 -1.57796E-0004
 -2.01803E-0006  3.77774E-0005  2.45903E-0005  7.12724E-0005 -2.95586E-0005 -1.02681E-0004
 -5.89611E-0006  1.09436E-0004  7.12724E-0005  2.07738E-0004 -8.18166E-0005 -2.96471E-0004
  2.29870E-0006 -4.57139E-0005 -2.95586E-0005 -8.18166E-0005  5.12687E-0005  1.27909E-0004
  8.39126E-0006 -1.57796E-0004 -1.02681E-0004 -2.96471E-0004  1.27909E-0004  4.30254E-0004

Corrections    -1.14155E-0007  8.43455E-0007  5.47829E-0007  2.23592E-0006 -7.39971E-0007 -1.99224E-0006
Loop  2 Nominal  0.90224937  0.42238932  0.54138798  0.55083845 -0.24759917 -0.73475046
Loop  2 Nominal5754.669429072694.056649033453.04632525  4.35457961 -1.95736207 -5.80847142
SigmaOld     1.125698 SigmaNew     1.122831
 ---------------------------------------------------- 


 a        1.16367258 ER 7422.06314458
 e        0.02612575
 i      115.01913113 ø
 ê      190.39425220 ø
 w      159.48503118 ø
 v      348.71669451 ø
 M      349.29139040 ø
